{
 "cells": [
  {
   "cell_type": "code",
   "execution_count": 41,
   "metadata": {},
   "outputs": [],
   "source": [
    "%run EEG_auxiliary_module.ipynb\n",
    "%run general_tools.ipynb\n",
    "\n",
    "folder = '/Users/dannem/Documents/Ilya_study/Analysis'\n",
    "import numpy as np\n",
    "import pandas as pd\n",
    "perc_ind=['02','03','04','05','06','07','08']\n",
    "imag_ind=['02','03','04','05','06','07','08']\n",
    "perc_file=[folder+'/conf_mat_perc_'+ i +'.csv' for i in perc_ind]\n",
    "imag_file=[folder+'/conf_IR_'+ i +'_imag.csv' for i in perc_ind]\n",
    "data = load_multiple_conf_mats(folder, perc_file, imag_file)\n",
    "perc_list = data[0]\n",
    "imag_list = data[1]"
   ]
  },
  {
   "cell_type": "code",
   "execution_count": 52,
   "metadata": {},
   "outputs": [
    {
     "name": "stdout",
     "output_type": "stream",
     "text": [
      "Correlation between upright percieved and imagary discrimination is 0.65\n",
      "Correlation between inverted percieved and imagary discriminations is 0.11\n",
      "Correlation between imagery and TO 0.60\n",
      "Correlation between upright percieved and TO discriminations is 0.06\n",
      "Correlation between inverted percieved and TO discriminations is 0.16\n",
      "Correlation between unfamiliar upright percieved and TO discriminations is -0.00\n",
      "Correlation between famous upright percieved and TO discriminations is 0.07\n",
      "Correlation between unfamiliar inverted percieved and TO discriminations is 0.25\n",
      "Correlation between famous inverted percieved and TO discriminations is 0.10\n"
     ]
    }
   ],
   "source": [
    "subject = 6\n",
    "mat = inter_sub_corr(perc_list[subject], imag_list[subject])"
   ]
  },
  {
   "cell_type": "code",
   "execution_count": 53,
   "metadata": {},
   "outputs": [
    {
     "data": {
      "text/html": [
       "<div>\n",
       "<style scoped>\n",
       "    .dataframe tbody tr th:only-of-type {\n",
       "        vertical-align: middle;\n",
       "    }\n",
       "\n",
       "    .dataframe tbody tr th {\n",
       "        vertical-align: top;\n",
       "    }\n",
       "\n",
       "    .dataframe thead tr th {\n",
       "        text-align: left;\n",
       "    }\n",
       "</style>\n",
       "<table border=\"1\" class=\"dataframe\">\n",
       "  <thead>\n",
       "    <tr>\n",
       "      <th></th>\n",
       "      <th>est</th>\n",
       "      <th>mcy</th>\n",
       "      <th>sjo</th>\n",
       "      <th>sgo</th>\n",
       "      <th>tsw</th>\n",
       "    </tr>\n",
       "  </thead>\n",
       "  <tbody>\n",
       "    <tr>\n",
       "      <th>est</th>\n",
       "      <td>0.000000</td>\n",
       "      <td>0.625000</td>\n",
       "      <td>0.583333</td>\n",
       "      <td>0.500000</td>\n",
       "      <td>0.500000</td>\n",
       "    </tr>\n",
       "    <tr>\n",
       "      <th>mcy</th>\n",
       "      <td>0.625000</td>\n",
       "      <td>0.000000</td>\n",
       "      <td>0.666667</td>\n",
       "      <td>0.291667</td>\n",
       "      <td>0.500000</td>\n",
       "    </tr>\n",
       "    <tr>\n",
       "      <th>sjo</th>\n",
       "      <td>0.583333</td>\n",
       "      <td>0.666667</td>\n",
       "      <td>0.000000</td>\n",
       "      <td>0.583333</td>\n",
       "      <td>0.833333</td>\n",
       "    </tr>\n",
       "    <tr>\n",
       "      <th>sgo</th>\n",
       "      <td>0.500000</td>\n",
       "      <td>0.291667</td>\n",
       "      <td>0.583333</td>\n",
       "      <td>0.000000</td>\n",
       "      <td>0.500000</td>\n",
       "    </tr>\n",
       "    <tr>\n",
       "      <th>tsw</th>\n",
       "      <td>0.500000</td>\n",
       "      <td>0.500000</td>\n",
       "      <td>0.833333</td>\n",
       "      <td>0.500000</td>\n",
       "      <td>0.000000</td>\n",
       "    </tr>\n",
       "  </tbody>\n",
       "</table>\n",
       "</div>"
      ],
      "text/plain": [
       "          est       mcy       sjo       sgo       tsw\n",
       "est  0.000000  0.625000  0.583333  0.500000  0.500000\n",
       "mcy  0.625000  0.000000  0.666667  0.291667  0.500000\n",
       "sjo  0.583333  0.666667  0.000000  0.583333  0.833333\n",
       "sgo  0.500000  0.291667  0.583333  0.000000  0.500000\n",
       "tsw  0.500000  0.500000  0.833333  0.500000  0.000000"
      ]
     },
     "execution_count": 53,
     "metadata": {},
     "output_type": "execute_result"
    }
   ],
   "source": [
    "mat.iloc[:5,:5]"
   ]
  },
  {
   "cell_type": "code",
   "execution_count": 14,
   "metadata": {},
   "outputs": [],
   "source": [
    "from scipy.spatial.distance import squareform\n",
    "perc_up_arr =  np.array([squareform(i.values[:50,:50]) for i in perc_list])\n",
    "perc_in_arr =  np.array([squareform(i.values[50:,50:]) for i in perc_list])\n",
    "perc_up_fam_arr =  np.array([squareform(i.values[25:50,25:50]) for i in perc_list])\n",
    "perc_up_unf_arr =  np.array([squareform(i.values[:25,:25]) for i in perc_list])\n",
    "perc_in_fam_arr =  np.array([squareform(i.values[75:,75:]) for i in perc_list])\n",
    "perc_in_unf_arr =  np.array([squareform(i.values[50:75,50:75]) for i in perc_list])\n",
    "imag_arr =  np.array([squareform(i.values) for i in imag_list])"
   ]
  },
  {
   "cell_type": "code",
   "execution_count": 15,
   "metadata": {},
   "outputs": [],
   "source": [
    "perc_up_corr = pd.DataFrame(np.corrcoef(perc_up_arr))\n",
    "perc_in_corr = pd.DataFrame(np.corrcoef(perc_in_arr))\n",
    "perc_up_unf_corr = pd.DataFrame(np.corrcoef(perc_up_unf_arr))\n",
    "perc_up_fam_corr = pd.DataFrame(np.corrcoef(perc_up_fam_arr))\n",
    "perc_in_unf_corr = pd.DataFrame(np.corrcoef(perc_in_unf_arr ))\n",
    "perc_in_fam_corr = pd.DataFrame(np.corrcoef(perc_in_fam_arr))\n",
    "imag_corr = pd.DataFrame(np.corrcoef(imag_arr))"
   ]
  },
  {
   "cell_type": "code",
   "execution_count": 16,
   "metadata": {},
   "outputs": [
    {
     "data": {
      "text/html": [
       "<div>\n",
       "<style scoped>\n",
       "    .dataframe tbody tr th:only-of-type {\n",
       "        vertical-align: middle;\n",
       "    }\n",
       "\n",
       "    .dataframe tbody tr th {\n",
       "        vertical-align: top;\n",
       "    }\n",
       "\n",
       "    .dataframe thead th {\n",
       "        text-align: right;\n",
       "    }\n",
       "</style>\n",
       "<table border=\"1\" class=\"dataframe\">\n",
       "  <thead>\n",
       "    <tr style=\"text-align: right;\">\n",
       "      <th></th>\n",
       "      <th>0</th>\n",
       "      <th>1</th>\n",
       "      <th>2</th>\n",
       "      <th>3</th>\n",
       "      <th>4</th>\n",
       "      <th>5</th>\n",
       "      <th>6</th>\n",
       "    </tr>\n",
       "  </thead>\n",
       "  <tbody>\n",
       "    <tr>\n",
       "      <th>0</th>\n",
       "      <td>1.000000</td>\n",
       "      <td>0.060996</td>\n",
       "      <td>0.060996</td>\n",
       "      <td>0.057588</td>\n",
       "      <td>0.228927</td>\n",
       "      <td>0.025635</td>\n",
       "      <td>-0.040216</td>\n",
       "    </tr>\n",
       "    <tr>\n",
       "      <th>1</th>\n",
       "      <td>0.060996</td>\n",
       "      <td>1.000000</td>\n",
       "      <td>1.000000</td>\n",
       "      <td>-0.029934</td>\n",
       "      <td>0.097492</td>\n",
       "      <td>0.075999</td>\n",
       "      <td>0.046689</td>\n",
       "    </tr>\n",
       "    <tr>\n",
       "      <th>2</th>\n",
       "      <td>0.060996</td>\n",
       "      <td>1.000000</td>\n",
       "      <td>1.000000</td>\n",
       "      <td>-0.029934</td>\n",
       "      <td>0.097492</td>\n",
       "      <td>0.075999</td>\n",
       "      <td>0.046689</td>\n",
       "    </tr>\n",
       "    <tr>\n",
       "      <th>3</th>\n",
       "      <td>0.057588</td>\n",
       "      <td>-0.029934</td>\n",
       "      <td>-0.029934</td>\n",
       "      <td>1.000000</td>\n",
       "      <td>0.059439</td>\n",
       "      <td>0.026355</td>\n",
       "      <td>0.035927</td>\n",
       "    </tr>\n",
       "    <tr>\n",
       "      <th>4</th>\n",
       "      <td>0.228927</td>\n",
       "      <td>0.097492</td>\n",
       "      <td>0.097492</td>\n",
       "      <td>0.059439</td>\n",
       "      <td>1.000000</td>\n",
       "      <td>0.068791</td>\n",
       "      <td>-0.100654</td>\n",
       "    </tr>\n",
       "    <tr>\n",
       "      <th>5</th>\n",
       "      <td>0.025635</td>\n",
       "      <td>0.075999</td>\n",
       "      <td>0.075999</td>\n",
       "      <td>0.026355</td>\n",
       "      <td>0.068791</td>\n",
       "      <td>1.000000</td>\n",
       "      <td>0.069791</td>\n",
       "    </tr>\n",
       "    <tr>\n",
       "      <th>6</th>\n",
       "      <td>-0.040216</td>\n",
       "      <td>0.046689</td>\n",
       "      <td>0.046689</td>\n",
       "      <td>0.035927</td>\n",
       "      <td>-0.100654</td>\n",
       "      <td>0.069791</td>\n",
       "      <td>1.000000</td>\n",
       "    </tr>\n",
       "  </tbody>\n",
       "</table>\n",
       "</div>"
      ],
      "text/plain": [
       "          0         1         2         3         4         5         6\n",
       "0  1.000000  0.060996  0.060996  0.057588  0.228927  0.025635 -0.040216\n",
       "1  0.060996  1.000000  1.000000 -0.029934  0.097492  0.075999  0.046689\n",
       "2  0.060996  1.000000  1.000000 -0.029934  0.097492  0.075999  0.046689\n",
       "3  0.057588 -0.029934 -0.029934  1.000000  0.059439  0.026355  0.035927\n",
       "4  0.228927  0.097492  0.097492  0.059439  1.000000  0.068791 -0.100654\n",
       "5  0.025635  0.075999  0.075999  0.026355  0.068791  1.000000  0.069791\n",
       "6 -0.040216  0.046689  0.046689  0.035927 -0.100654  0.069791  1.000000"
      ]
     },
     "execution_count": 16,
     "metadata": {},
     "output_type": "execute_result"
    }
   ],
   "source": [
    "perc_up_corr"
   ]
  },
  {
   "cell_type": "code",
   "execution_count": 12,
   "metadata": {},
   "outputs": [
    {
     "data": {
      "text/html": [
       "<div>\n",
       "<style scoped>\n",
       "    .dataframe tbody tr th:only-of-type {\n",
       "        vertical-align: middle;\n",
       "    }\n",
       "\n",
       "    .dataframe tbody tr th {\n",
       "        vertical-align: top;\n",
       "    }\n",
       "\n",
       "    .dataframe thead th {\n",
       "        text-align: right;\n",
       "    }\n",
       "</style>\n",
       "<table border=\"1\" class=\"dataframe\">\n",
       "  <thead>\n",
       "    <tr style=\"text-align: right;\">\n",
       "      <th></th>\n",
       "      <th>0</th>\n",
       "      <th>1</th>\n",
       "      <th>2</th>\n",
       "      <th>3</th>\n",
       "      <th>4</th>\n",
       "      <th>5</th>\n",
       "      <th>6</th>\n",
       "    </tr>\n",
       "  </thead>\n",
       "  <tbody>\n",
       "    <tr>\n",
       "      <th>0</th>\n",
       "      <td>1.000000</td>\n",
       "      <td>-0.035431</td>\n",
       "      <td>0.124896</td>\n",
       "      <td>-0.043013</td>\n",
       "      <td>0.047155</td>\n",
       "      <td>0.131023</td>\n",
       "      <td>0.068421</td>\n",
       "    </tr>\n",
       "    <tr>\n",
       "      <th>1</th>\n",
       "      <td>-0.035431</td>\n",
       "      <td>1.000000</td>\n",
       "      <td>0.022096</td>\n",
       "      <td>0.016085</td>\n",
       "      <td>-0.002953</td>\n",
       "      <td>0.059956</td>\n",
       "      <td>-0.031613</td>\n",
       "    </tr>\n",
       "    <tr>\n",
       "      <th>2</th>\n",
       "      <td>0.124896</td>\n",
       "      <td>0.022096</td>\n",
       "      <td>1.000000</td>\n",
       "      <td>-0.030916</td>\n",
       "      <td>0.058860</td>\n",
       "      <td>0.093680</td>\n",
       "      <td>0.065841</td>\n",
       "    </tr>\n",
       "    <tr>\n",
       "      <th>3</th>\n",
       "      <td>-0.043013</td>\n",
       "      <td>0.016085</td>\n",
       "      <td>-0.030916</td>\n",
       "      <td>1.000000</td>\n",
       "      <td>0.025697</td>\n",
       "      <td>0.096851</td>\n",
       "      <td>0.016454</td>\n",
       "    </tr>\n",
       "    <tr>\n",
       "      <th>4</th>\n",
       "      <td>0.047155</td>\n",
       "      <td>-0.002953</td>\n",
       "      <td>0.058860</td>\n",
       "      <td>0.025697</td>\n",
       "      <td>1.000000</td>\n",
       "      <td>0.047586</td>\n",
       "      <td>0.030534</td>\n",
       "    </tr>\n",
       "    <tr>\n",
       "      <th>5</th>\n",
       "      <td>0.131023</td>\n",
       "      <td>0.059956</td>\n",
       "      <td>0.093680</td>\n",
       "      <td>0.096851</td>\n",
       "      <td>0.047586</td>\n",
       "      <td>1.000000</td>\n",
       "      <td>0.169080</td>\n",
       "    </tr>\n",
       "    <tr>\n",
       "      <th>6</th>\n",
       "      <td>0.068421</td>\n",
       "      <td>-0.031613</td>\n",
       "      <td>0.065841</td>\n",
       "      <td>0.016454</td>\n",
       "      <td>0.030534</td>\n",
       "      <td>0.169080</td>\n",
       "      <td>1.000000</td>\n",
       "    </tr>\n",
       "  </tbody>\n",
       "</table>\n",
       "</div>"
      ],
      "text/plain": [
       "          0         1         2         3         4         5         6\n",
       "0  1.000000 -0.035431  0.124896 -0.043013  0.047155  0.131023  0.068421\n",
       "1 -0.035431  1.000000  0.022096  0.016085 -0.002953  0.059956 -0.031613\n",
       "2  0.124896  0.022096  1.000000 -0.030916  0.058860  0.093680  0.065841\n",
       "3 -0.043013  0.016085 -0.030916  1.000000  0.025697  0.096851  0.016454\n",
       "4  0.047155 -0.002953  0.058860  0.025697  1.000000  0.047586  0.030534\n",
       "5  0.131023  0.059956  0.093680  0.096851  0.047586  1.000000  0.169080\n",
       "6  0.068421 -0.031613  0.065841  0.016454  0.030534  0.169080  1.000000"
      ]
     },
     "execution_count": 12,
     "metadata": {},
     "output_type": "execute_result"
    }
   ],
   "source": [
    "perc_in_corr"
   ]
  },
  {
   "cell_type": "code",
   "execution_count": 13,
   "metadata": {},
   "outputs": [
    {
     "data": {
      "text/html": [
       "<div>\n",
       "<style scoped>\n",
       "    .dataframe tbody tr th:only-of-type {\n",
       "        vertical-align: middle;\n",
       "    }\n",
       "\n",
       "    .dataframe tbody tr th {\n",
       "        vertical-align: top;\n",
       "    }\n",
       "\n",
       "    .dataframe thead th {\n",
       "        text-align: right;\n",
       "    }\n",
       "</style>\n",
       "<table border=\"1\" class=\"dataframe\">\n",
       "  <thead>\n",
       "    <tr style=\"text-align: right;\">\n",
       "      <th></th>\n",
       "      <th>0</th>\n",
       "      <th>1</th>\n",
       "      <th>2</th>\n",
       "      <th>3</th>\n",
       "      <th>4</th>\n",
       "      <th>5</th>\n",
       "      <th>6</th>\n",
       "    </tr>\n",
       "  </thead>\n",
       "  <tbody>\n",
       "    <tr>\n",
       "      <th>0</th>\n",
       "      <td>1.000000</td>\n",
       "      <td>0.418771</td>\n",
       "      <td>-0.022985</td>\n",
       "      <td>-0.602171</td>\n",
       "      <td>0.263539</td>\n",
       "      <td>-0.119000</td>\n",
       "      <td>0.064072</td>\n",
       "    </tr>\n",
       "    <tr>\n",
       "      <th>1</th>\n",
       "      <td>0.418771</td>\n",
       "      <td>1.000000</td>\n",
       "      <td>0.178907</td>\n",
       "      <td>-0.140307</td>\n",
       "      <td>-0.353339</td>\n",
       "      <td>0.227504</td>\n",
       "      <td>0.503583</td>\n",
       "    </tr>\n",
       "    <tr>\n",
       "      <th>2</th>\n",
       "      <td>-0.022985</td>\n",
       "      <td>0.178907</td>\n",
       "      <td>1.000000</td>\n",
       "      <td>0.378357</td>\n",
       "      <td>0.030360</td>\n",
       "      <td>0.844462</td>\n",
       "      <td>0.771828</td>\n",
       "    </tr>\n",
       "    <tr>\n",
       "      <th>3</th>\n",
       "      <td>-0.602171</td>\n",
       "      <td>-0.140307</td>\n",
       "      <td>0.378357</td>\n",
       "      <td>1.000000</td>\n",
       "      <td>-0.259828</td>\n",
       "      <td>0.379999</td>\n",
       "      <td>0.424642</td>\n",
       "    </tr>\n",
       "    <tr>\n",
       "      <th>4</th>\n",
       "      <td>0.263539</td>\n",
       "      <td>-0.353339</td>\n",
       "      <td>0.030360</td>\n",
       "      <td>-0.259828</td>\n",
       "      <td>1.000000</td>\n",
       "      <td>-0.061942</td>\n",
       "      <td>-0.155052</td>\n",
       "    </tr>\n",
       "    <tr>\n",
       "      <th>5</th>\n",
       "      <td>-0.119000</td>\n",
       "      <td>0.227504</td>\n",
       "      <td>0.844462</td>\n",
       "      <td>0.379999</td>\n",
       "      <td>-0.061942</td>\n",
       "      <td>1.000000</td>\n",
       "      <td>0.829559</td>\n",
       "    </tr>\n",
       "    <tr>\n",
       "      <th>6</th>\n",
       "      <td>0.064072</td>\n",
       "      <td>0.503583</td>\n",
       "      <td>0.771828</td>\n",
       "      <td>0.424642</td>\n",
       "      <td>-0.155052</td>\n",
       "      <td>0.829559</td>\n",
       "      <td>1.000000</td>\n",
       "    </tr>\n",
       "  </tbody>\n",
       "</table>\n",
       "</div>"
      ],
      "text/plain": [
       "          0         1         2         3         4         5         6\n",
       "0  1.000000  0.418771 -0.022985 -0.602171  0.263539 -0.119000  0.064072\n",
       "1  0.418771  1.000000  0.178907 -0.140307 -0.353339  0.227504  0.503583\n",
       "2 -0.022985  0.178907  1.000000  0.378357  0.030360  0.844462  0.771828\n",
       "3 -0.602171 -0.140307  0.378357  1.000000 -0.259828  0.379999  0.424642\n",
       "4  0.263539 -0.353339  0.030360 -0.259828  1.000000 -0.061942 -0.155052\n",
       "5 -0.119000  0.227504  0.844462  0.379999 -0.061942  1.000000  0.829559\n",
       "6  0.064072  0.503583  0.771828  0.424642 -0.155052  0.829559  1.000000"
      ]
     },
     "execution_count": 13,
     "metadata": {},
     "output_type": "execute_result"
    }
   ],
   "source": [
    "imag_corr"
   ]
  },
  {
   "cell_type": "code",
   "execution_count": 14,
   "metadata": {},
   "outputs": [
    {
     "data": {
      "text/html": [
       "<div>\n",
       "<style scoped>\n",
       "    .dataframe tbody tr th:only-of-type {\n",
       "        vertical-align: middle;\n",
       "    }\n",
       "\n",
       "    .dataframe tbody tr th {\n",
       "        vertical-align: top;\n",
       "    }\n",
       "\n",
       "    .dataframe thead th {\n",
       "        text-align: right;\n",
       "    }\n",
       "</style>\n",
       "<table border=\"1\" class=\"dataframe\">\n",
       "  <thead>\n",
       "    <tr style=\"text-align: right;\">\n",
       "      <th></th>\n",
       "      <th>0</th>\n",
       "      <th>1</th>\n",
       "      <th>2</th>\n",
       "      <th>3</th>\n",
       "      <th>4</th>\n",
       "      <th>5</th>\n",
       "      <th>6</th>\n",
       "    </tr>\n",
       "  </thead>\n",
       "  <tbody>\n",
       "    <tr>\n",
       "      <th>0</th>\n",
       "      <td>1.000000</td>\n",
       "      <td>0.153483</td>\n",
       "      <td>0.042715</td>\n",
       "      <td>0.113937</td>\n",
       "      <td>0.091568</td>\n",
       "      <td>0.190900</td>\n",
       "      <td>-0.057921</td>\n",
       "    </tr>\n",
       "    <tr>\n",
       "      <th>1</th>\n",
       "      <td>0.153483</td>\n",
       "      <td>1.000000</td>\n",
       "      <td>-0.104924</td>\n",
       "      <td>0.051418</td>\n",
       "      <td>0.209735</td>\n",
       "      <td>0.166941</td>\n",
       "      <td>0.120858</td>\n",
       "    </tr>\n",
       "    <tr>\n",
       "      <th>2</th>\n",
       "      <td>0.042715</td>\n",
       "      <td>-0.104924</td>\n",
       "      <td>1.000000</td>\n",
       "      <td>-0.093882</td>\n",
       "      <td>-0.039718</td>\n",
       "      <td>-0.029332</td>\n",
       "      <td>-0.032426</td>\n",
       "    </tr>\n",
       "    <tr>\n",
       "      <th>3</th>\n",
       "      <td>0.113937</td>\n",
       "      <td>0.051418</td>\n",
       "      <td>-0.093882</td>\n",
       "      <td>1.000000</td>\n",
       "      <td>-0.029436</td>\n",
       "      <td>0.110593</td>\n",
       "      <td>-0.061881</td>\n",
       "    </tr>\n",
       "    <tr>\n",
       "      <th>4</th>\n",
       "      <td>0.091568</td>\n",
       "      <td>0.209735</td>\n",
       "      <td>-0.039718</td>\n",
       "      <td>-0.029436</td>\n",
       "      <td>1.000000</td>\n",
       "      <td>-0.035611</td>\n",
       "      <td>0.100327</td>\n",
       "    </tr>\n",
       "    <tr>\n",
       "      <th>5</th>\n",
       "      <td>0.190900</td>\n",
       "      <td>0.166941</td>\n",
       "      <td>-0.029332</td>\n",
       "      <td>0.110593</td>\n",
       "      <td>-0.035611</td>\n",
       "      <td>1.000000</td>\n",
       "      <td>0.098622</td>\n",
       "    </tr>\n",
       "    <tr>\n",
       "      <th>6</th>\n",
       "      <td>-0.057921</td>\n",
       "      <td>0.120858</td>\n",
       "      <td>-0.032426</td>\n",
       "      <td>-0.061881</td>\n",
       "      <td>0.100327</td>\n",
       "      <td>0.098622</td>\n",
       "      <td>1.000000</td>\n",
       "    </tr>\n",
       "  </tbody>\n",
       "</table>\n",
       "</div>"
      ],
      "text/plain": [
       "          0         1         2         3         4         5         6\n",
       "0  1.000000  0.153483  0.042715  0.113937  0.091568  0.190900 -0.057921\n",
       "1  0.153483  1.000000 -0.104924  0.051418  0.209735  0.166941  0.120858\n",
       "2  0.042715 -0.104924  1.000000 -0.093882 -0.039718 -0.029332 -0.032426\n",
       "3  0.113937  0.051418 -0.093882  1.000000 -0.029436  0.110593 -0.061881\n",
       "4  0.091568  0.209735 -0.039718 -0.029436  1.000000 -0.035611  0.100327\n",
       "5  0.190900  0.166941 -0.029332  0.110593 -0.035611  1.000000  0.098622\n",
       "6 -0.057921  0.120858 -0.032426 -0.061881  0.100327  0.098622  1.000000"
      ]
     },
     "execution_count": 14,
     "metadata": {},
     "output_type": "execute_result"
    }
   ],
   "source": [
    "perc_up_unf_corr"
   ]
  },
  {
   "cell_type": "code",
   "execution_count": 15,
   "metadata": {},
   "outputs": [
    {
     "data": {
      "text/html": [
       "<div>\n",
       "<style scoped>\n",
       "    .dataframe tbody tr th:only-of-type {\n",
       "        vertical-align: middle;\n",
       "    }\n",
       "\n",
       "    .dataframe tbody tr th {\n",
       "        vertical-align: top;\n",
       "    }\n",
       "\n",
       "    .dataframe thead th {\n",
       "        text-align: right;\n",
       "    }\n",
       "</style>\n",
       "<table border=\"1\" class=\"dataframe\">\n",
       "  <thead>\n",
       "    <tr style=\"text-align: right;\">\n",
       "      <th></th>\n",
       "      <th>0</th>\n",
       "      <th>1</th>\n",
       "      <th>2</th>\n",
       "      <th>3</th>\n",
       "      <th>4</th>\n",
       "      <th>5</th>\n",
       "      <th>6</th>\n",
       "    </tr>\n",
       "  </thead>\n",
       "  <tbody>\n",
       "    <tr>\n",
       "      <th>0</th>\n",
       "      <td>1.000000</td>\n",
       "      <td>0.005697</td>\n",
       "      <td>0.111427</td>\n",
       "      <td>0.128851</td>\n",
       "      <td>0.203457</td>\n",
       "      <td>-0.069651</td>\n",
       "      <td>-0.055618</td>\n",
       "    </tr>\n",
       "    <tr>\n",
       "      <th>1</th>\n",
       "      <td>0.005697</td>\n",
       "      <td>1.000000</td>\n",
       "      <td>0.012623</td>\n",
       "      <td>-0.018418</td>\n",
       "      <td>-0.084685</td>\n",
       "      <td>-0.030507</td>\n",
       "      <td>-0.122405</td>\n",
       "    </tr>\n",
       "    <tr>\n",
       "      <th>2</th>\n",
       "      <td>0.111427</td>\n",
       "      <td>0.012623</td>\n",
       "      <td>1.000000</td>\n",
       "      <td>0.093640</td>\n",
       "      <td>-0.030348</td>\n",
       "      <td>-0.001215</td>\n",
       "      <td>0.078687</td>\n",
       "    </tr>\n",
       "    <tr>\n",
       "      <th>3</th>\n",
       "      <td>0.128851</td>\n",
       "      <td>-0.018418</td>\n",
       "      <td>0.093640</td>\n",
       "      <td>1.000000</td>\n",
       "      <td>-0.048465</td>\n",
       "      <td>0.000165</td>\n",
       "      <td>-0.062339</td>\n",
       "    </tr>\n",
       "    <tr>\n",
       "      <th>4</th>\n",
       "      <td>0.203457</td>\n",
       "      <td>-0.084685</td>\n",
       "      <td>-0.030348</td>\n",
       "      <td>-0.048465</td>\n",
       "      <td>1.000000</td>\n",
       "      <td>-0.026687</td>\n",
       "      <td>-0.115525</td>\n",
       "    </tr>\n",
       "    <tr>\n",
       "      <th>5</th>\n",
       "      <td>-0.069651</td>\n",
       "      <td>-0.030507</td>\n",
       "      <td>-0.001215</td>\n",
       "      <td>0.000165</td>\n",
       "      <td>-0.026687</td>\n",
       "      <td>1.000000</td>\n",
       "      <td>0.045104</td>\n",
       "    </tr>\n",
       "    <tr>\n",
       "      <th>6</th>\n",
       "      <td>-0.055618</td>\n",
       "      <td>-0.122405</td>\n",
       "      <td>0.078687</td>\n",
       "      <td>-0.062339</td>\n",
       "      <td>-0.115525</td>\n",
       "      <td>0.045104</td>\n",
       "      <td>1.000000</td>\n",
       "    </tr>\n",
       "  </tbody>\n",
       "</table>\n",
       "</div>"
      ],
      "text/plain": [
       "          0         1         2         3         4         5         6\n",
       "0  1.000000  0.005697  0.111427  0.128851  0.203457 -0.069651 -0.055618\n",
       "1  0.005697  1.000000  0.012623 -0.018418 -0.084685 -0.030507 -0.122405\n",
       "2  0.111427  0.012623  1.000000  0.093640 -0.030348 -0.001215  0.078687\n",
       "3  0.128851 -0.018418  0.093640  1.000000 -0.048465  0.000165 -0.062339\n",
       "4  0.203457 -0.084685 -0.030348 -0.048465  1.000000 -0.026687 -0.115525\n",
       "5 -0.069651 -0.030507 -0.001215  0.000165 -0.026687  1.000000  0.045104\n",
       "6 -0.055618 -0.122405  0.078687 -0.062339 -0.115525  0.045104  1.000000"
      ]
     },
     "execution_count": 15,
     "metadata": {},
     "output_type": "execute_result"
    }
   ],
   "source": [
    "perc_up_fam_corr"
   ]
  },
  {
   "cell_type": "code",
   "execution_count": 16,
   "metadata": {},
   "outputs": [
    {
     "data": {
      "text/html": [
       "<div>\n",
       "<style scoped>\n",
       "    .dataframe tbody tr th:only-of-type {\n",
       "        vertical-align: middle;\n",
       "    }\n",
       "\n",
       "    .dataframe tbody tr th {\n",
       "        vertical-align: top;\n",
       "    }\n",
       "\n",
       "    .dataframe thead th {\n",
       "        text-align: right;\n",
       "    }\n",
       "</style>\n",
       "<table border=\"1\" class=\"dataframe\">\n",
       "  <thead>\n",
       "    <tr style=\"text-align: right;\">\n",
       "      <th></th>\n",
       "      <th>0</th>\n",
       "      <th>1</th>\n",
       "      <th>2</th>\n",
       "      <th>3</th>\n",
       "      <th>4</th>\n",
       "      <th>5</th>\n",
       "      <th>6</th>\n",
       "    </tr>\n",
       "  </thead>\n",
       "  <tbody>\n",
       "    <tr>\n",
       "      <th>0</th>\n",
       "      <td>1.000000</td>\n",
       "      <td>-0.167738</td>\n",
       "      <td>0.049839</td>\n",
       "      <td>0.045763</td>\n",
       "      <td>0.129536</td>\n",
       "      <td>0.106832</td>\n",
       "      <td>0.091105</td>\n",
       "    </tr>\n",
       "    <tr>\n",
       "      <th>1</th>\n",
       "      <td>-0.167738</td>\n",
       "      <td>1.000000</td>\n",
       "      <td>0.084308</td>\n",
       "      <td>0.146160</td>\n",
       "      <td>0.098686</td>\n",
       "      <td>0.095549</td>\n",
       "      <td>-0.062131</td>\n",
       "    </tr>\n",
       "    <tr>\n",
       "      <th>2</th>\n",
       "      <td>0.049839</td>\n",
       "      <td>0.084308</td>\n",
       "      <td>1.000000</td>\n",
       "      <td>-0.014986</td>\n",
       "      <td>0.081238</td>\n",
       "      <td>0.128796</td>\n",
       "      <td>0.206205</td>\n",
       "    </tr>\n",
       "    <tr>\n",
       "      <th>3</th>\n",
       "      <td>0.045763</td>\n",
       "      <td>0.146160</td>\n",
       "      <td>-0.014986</td>\n",
       "      <td>1.000000</td>\n",
       "      <td>-0.006472</td>\n",
       "      <td>0.067229</td>\n",
       "      <td>0.016136</td>\n",
       "    </tr>\n",
       "    <tr>\n",
       "      <th>4</th>\n",
       "      <td>0.129536</td>\n",
       "      <td>0.098686</td>\n",
       "      <td>0.081238</td>\n",
       "      <td>-0.006472</td>\n",
       "      <td>1.000000</td>\n",
       "      <td>0.106458</td>\n",
       "      <td>0.055273</td>\n",
       "    </tr>\n",
       "    <tr>\n",
       "      <th>5</th>\n",
       "      <td>0.106832</td>\n",
       "      <td>0.095549</td>\n",
       "      <td>0.128796</td>\n",
       "      <td>0.067229</td>\n",
       "      <td>0.106458</td>\n",
       "      <td>1.000000</td>\n",
       "      <td>0.277147</td>\n",
       "    </tr>\n",
       "    <tr>\n",
       "      <th>6</th>\n",
       "      <td>0.091105</td>\n",
       "      <td>-0.062131</td>\n",
       "      <td>0.206205</td>\n",
       "      <td>0.016136</td>\n",
       "      <td>0.055273</td>\n",
       "      <td>0.277147</td>\n",
       "      <td>1.000000</td>\n",
       "    </tr>\n",
       "  </tbody>\n",
       "</table>\n",
       "</div>"
      ],
      "text/plain": [
       "          0         1         2         3         4         5         6\n",
       "0  1.000000 -0.167738  0.049839  0.045763  0.129536  0.106832  0.091105\n",
       "1 -0.167738  1.000000  0.084308  0.146160  0.098686  0.095549 -0.062131\n",
       "2  0.049839  0.084308  1.000000 -0.014986  0.081238  0.128796  0.206205\n",
       "3  0.045763  0.146160 -0.014986  1.000000 -0.006472  0.067229  0.016136\n",
       "4  0.129536  0.098686  0.081238 -0.006472  1.000000  0.106458  0.055273\n",
       "5  0.106832  0.095549  0.128796  0.067229  0.106458  1.000000  0.277147\n",
       "6  0.091105 -0.062131  0.206205  0.016136  0.055273  0.277147  1.000000"
      ]
     },
     "execution_count": 16,
     "metadata": {},
     "output_type": "execute_result"
    }
   ],
   "source": [
    "perc_in_unf_corr"
   ]
  },
  {
   "cell_type": "code",
   "execution_count": 17,
   "metadata": {},
   "outputs": [
    {
     "data": {
      "text/html": [
       "<div>\n",
       "<style scoped>\n",
       "    .dataframe tbody tr th:only-of-type {\n",
       "        vertical-align: middle;\n",
       "    }\n",
       "\n",
       "    .dataframe tbody tr th {\n",
       "        vertical-align: top;\n",
       "    }\n",
       "\n",
       "    .dataframe thead th {\n",
       "        text-align: right;\n",
       "    }\n",
       "</style>\n",
       "<table border=\"1\" class=\"dataframe\">\n",
       "  <thead>\n",
       "    <tr style=\"text-align: right;\">\n",
       "      <th></th>\n",
       "      <th>0</th>\n",
       "      <th>1</th>\n",
       "      <th>2</th>\n",
       "      <th>3</th>\n",
       "      <th>4</th>\n",
       "      <th>5</th>\n",
       "      <th>6</th>\n",
       "    </tr>\n",
       "  </thead>\n",
       "  <tbody>\n",
       "    <tr>\n",
       "      <th>0</th>\n",
       "      <td>1.000000</td>\n",
       "      <td>-0.037970</td>\n",
       "      <td>0.190770</td>\n",
       "      <td>-0.055644</td>\n",
       "      <td>0.050971</td>\n",
       "      <td>0.072351</td>\n",
       "      <td>-0.003384</td>\n",
       "    </tr>\n",
       "    <tr>\n",
       "      <th>1</th>\n",
       "      <td>-0.037970</td>\n",
       "      <td>1.000000</td>\n",
       "      <td>-0.114183</td>\n",
       "      <td>-0.021443</td>\n",
       "      <td>-0.066334</td>\n",
       "      <td>0.070336</td>\n",
       "      <td>0.007699</td>\n",
       "    </tr>\n",
       "    <tr>\n",
       "      <th>2</th>\n",
       "      <td>0.190770</td>\n",
       "      <td>-0.114183</td>\n",
       "      <td>1.000000</td>\n",
       "      <td>0.062843</td>\n",
       "      <td>0.069038</td>\n",
       "      <td>0.109726</td>\n",
       "      <td>-0.129778</td>\n",
       "    </tr>\n",
       "    <tr>\n",
       "      <th>3</th>\n",
       "      <td>-0.055644</td>\n",
       "      <td>-0.021443</td>\n",
       "      <td>0.062843</td>\n",
       "      <td>1.000000</td>\n",
       "      <td>-0.026957</td>\n",
       "      <td>0.225706</td>\n",
       "      <td>-0.048885</td>\n",
       "    </tr>\n",
       "    <tr>\n",
       "      <th>4</th>\n",
       "      <td>0.050971</td>\n",
       "      <td>-0.066334</td>\n",
       "      <td>0.069038</td>\n",
       "      <td>-0.026957</td>\n",
       "      <td>1.000000</td>\n",
       "      <td>0.034411</td>\n",
       "      <td>-0.060848</td>\n",
       "    </tr>\n",
       "    <tr>\n",
       "      <th>5</th>\n",
       "      <td>0.072351</td>\n",
       "      <td>0.070336</td>\n",
       "      <td>0.109726</td>\n",
       "      <td>0.225706</td>\n",
       "      <td>0.034411</td>\n",
       "      <td>1.000000</td>\n",
       "      <td>0.007306</td>\n",
       "    </tr>\n",
       "    <tr>\n",
       "      <th>6</th>\n",
       "      <td>-0.003384</td>\n",
       "      <td>0.007699</td>\n",
       "      <td>-0.129778</td>\n",
       "      <td>-0.048885</td>\n",
       "      <td>-0.060848</td>\n",
       "      <td>0.007306</td>\n",
       "      <td>1.000000</td>\n",
       "    </tr>\n",
       "  </tbody>\n",
       "</table>\n",
       "</div>"
      ],
      "text/plain": [
       "          0         1         2         3         4         5         6\n",
       "0  1.000000 -0.037970  0.190770 -0.055644  0.050971  0.072351 -0.003384\n",
       "1 -0.037970  1.000000 -0.114183 -0.021443 -0.066334  0.070336  0.007699\n",
       "2  0.190770 -0.114183  1.000000  0.062843  0.069038  0.109726 -0.129778\n",
       "3 -0.055644 -0.021443  0.062843  1.000000 -0.026957  0.225706 -0.048885\n",
       "4  0.050971 -0.066334  0.069038 -0.026957  1.000000  0.034411 -0.060848\n",
       "5  0.072351  0.070336  0.109726  0.225706  0.034411  1.000000  0.007306\n",
       "6 -0.003384  0.007699 -0.129778 -0.048885 -0.060848  0.007306  1.000000"
      ]
     },
     "execution_count": 17,
     "metadata": {},
     "output_type": "execute_result"
    }
   ],
   "source": [
    "perc_in_fam_corr"
   ]
  },
  {
   "cell_type": "code",
   "execution_count": null,
   "metadata": {},
   "outputs": [],
   "source": []
  }
 ],
 "metadata": {
  "kernelspec": {
   "display_name": "Python 3",
   "language": "python",
   "name": "python3"
  },
  "language_info": {
   "codemirror_mode": {
    "name": "ipython",
    "version": 3
   },
   "file_extension": ".py",
   "mimetype": "text/x-python",
   "name": "python",
   "nbconvert_exporter": "python",
   "pygments_lexer": "ipython3",
   "version": "3.6.8"
  }
 },
 "nbformat": 4,
 "nbformat_minor": 2
}
