{
 "cells": [
  {
   "cell_type": "markdown",
   "metadata": {},
   "source": [
    "# Importing confusability matrix"
   ]
  },
  {
   "cell_type": "code",
   "execution_count": 12,
   "metadata": {},
   "outputs": [
    {
     "data": {
      "text/html": [
       "<div>\n",
       "<style scoped>\n",
       "    .dataframe tbody tr th:only-of-type {\n",
       "        vertical-align: middle;\n",
       "    }\n",
       "\n",
       "    .dataframe tbody tr th {\n",
       "        vertical-align: top;\n",
       "    }\n",
       "\n",
       "    .dataframe thead th {\n",
       "        text-align: right;\n",
       "    }\n",
       "</style>\n",
       "<table border=\"1\" class=\"dataframe\">\n",
       "  <thead>\n",
       "    <tr style=\"text-align: right;\">\n",
       "      <th></th>\n",
       "      <th>mcy</th>\n",
       "      <th>sgo</th>\n",
       "      <th>sjo</th>\n",
       "      <th>est</th>\n",
       "      <th>tsw</th>\n",
       "    </tr>\n",
       "  </thead>\n",
       "  <tbody>\n",
       "    <tr>\n",
       "      <th>mcy</th>\n",
       "      <td>0.000000</td>\n",
       "      <td>0.583333</td>\n",
       "      <td>0.562500</td>\n",
       "      <td>0.645833</td>\n",
       "      <td>0.416667</td>\n",
       "    </tr>\n",
       "    <tr>\n",
       "      <th>sgo</th>\n",
       "      <td>0.583333</td>\n",
       "      <td>0.000000</td>\n",
       "      <td>0.625000</td>\n",
       "      <td>0.645833</td>\n",
       "      <td>0.708333</td>\n",
       "    </tr>\n",
       "    <tr>\n",
       "      <th>sjo</th>\n",
       "      <td>0.562500</td>\n",
       "      <td>0.625000</td>\n",
       "      <td>0.000000</td>\n",
       "      <td>0.520833</td>\n",
       "      <td>0.770833</td>\n",
       "    </tr>\n",
       "    <tr>\n",
       "      <th>est</th>\n",
       "      <td>0.645833</td>\n",
       "      <td>0.645833</td>\n",
       "      <td>0.520833</td>\n",
       "      <td>0.000000</td>\n",
       "      <td>0.604167</td>\n",
       "    </tr>\n",
       "    <tr>\n",
       "      <th>tsw</th>\n",
       "      <td>0.416667</td>\n",
       "      <td>0.708333</td>\n",
       "      <td>0.770833</td>\n",
       "      <td>0.604167</td>\n",
       "      <td>0.000000</td>\n",
       "    </tr>\n",
       "  </tbody>\n",
       "</table>\n",
       "</div>"
      ],
      "text/plain": [
       "          mcy       sgo       sjo       est       tsw\n",
       "mcy  0.000000  0.583333  0.562500  0.645833  0.416667\n",
       "sgo  0.583333  0.000000  0.625000  0.645833  0.708333\n",
       "sjo  0.562500  0.625000  0.000000  0.520833  0.770833\n",
       "est  0.645833  0.645833  0.520833  0.000000  0.604167\n",
       "tsw  0.416667  0.708333  0.770833  0.604167  0.000000"
      ]
     },
     "execution_count": 12,
     "metadata": {},
     "output_type": "execute_result"
    }
   ],
   "source": [
    "import pandas as pd\n",
    "confusion_df = pd.read_csv('/Users/dannem/Documents/Ilya_study/Analysis/conf_IR_02_imag.csv', index_col=0)\n",
    "confusion_df.head()"
   ]
  },
  {
   "cell_type": "markdown",
   "metadata": {},
   "source": [
    "# Importing images"
   ]
  },
  {
   "cell_type": "code",
   "execution_count": null,
   "metadata": {},
   "outputs": [],
   "source": []
  }
 ],
 "metadata": {
  "kernelspec": {
   "display_name": "Python 3",
   "language": "python",
   "name": "python3"
  },
  "language_info": {
   "codemirror_mode": {
    "name": "ipython",
    "version": 3
   },
   "file_extension": ".py",
   "mimetype": "text/x-python",
   "name": "python",
   "nbconvert_exporter": "python",
   "pygments_lexer": "ipython3",
   "version": "3.6.8"
  }
 },
 "nbformat": 4,
 "nbformat_minor": 2
}
